Date	High	Low	Open	Close	Volume	Adj Close
2017-07-10	103500.0	101000.0	102500.0	102000.0	356174.0	101661.515625
2017-07-11	102500.0	99700.0	102500.0	100500.0	352591.0	100166.4921875
2017-07-12	99900.0	97600.0	98500.0	98500.0	621240.0	98173.1328125
2017-07-13	100500.0	98500.0	99200.0	99900.0	318819.0	99568.484375
2017-07-14	101500.0	99000.0	100500.0	99000.0	197097.0	98671.46875
2017-07-17	101000.0	99200.0	99200.0	100500.0	211816.0	100166.4921875
2017-07-18	104500.0	101000.0	101500.0	103500.0	701273.0	103156.53125
2017-07-19	106000.0	103500.0	105000.0	105000.0	444737.0	104651.5625
2017-07-20	106500.0	105000.0	106000.0	105000.0	347492.0	104651.5625
2017-07-21	108000.0	105000.0	105500.0	108000.0	595184.0	107641.609375
2017-07-24	110500.0	107000.0	108500.0	109000.0	628757.0	108638.2890625
2017-07-25	110000.0	107000.0	109500.0	107500.0	324849.0	107143.2578125
2017-07-26	108500.0	104000.0	108000.0	105500.0	467047.0	105149.8984375
2017-07-27	109500.0	106000.0	107500.0	109500.0	755654.0	109136.625
2017-07-28	114000.0	109500.0	112500.0	111000.0	1687002.0	110631.6484375
2017-07-31	121000.0	112500.0	113500.0	120000.0	3120156.0	119601.7734375
2017-08-01	124500.0	117000.0	121500.0	118000.0	2508504.0	117608.4140625
2017-08-02	116500.0	110500.0	113500.0	114500.0	2152274.0	114120.03125
2017-08-03	117000.0	112500.0	116500.0	114500.0	1007302.0	114120.03125
2017-08-04	115500.0	110000.0	113500.0	110500.0	941027.0	110133.3046875
2017-08-07	112500.0	108000.0	111000.0	110500.0	678083.0	110133.3046875
2017-08-08	113500.0	110500.0	110500.0	111000.0	478659.0	110631.6484375
2017-08-09	111500.0	107500.0	111000.0	108500.0	623624.0	108139.9453125
2017-08-10	111500.0	107000.0	110000.0	108500.0	790214.0	108139.9453125
2017-08-11	110500.0	106500.0	107500.0	110000.0	783638.0	109634.96875
2017-08-14	114000.0	111000.0	112500.0	113000.0	705373.0	112625.015625
2017-08-16	115000.0	113500.0	114500.0	114500.0	545437.0	114120.03125
2017-08-17	116000.0	113500.0	115500.0	114500.0	359227.0	114120.03125
2017-08-18	115000.0	112500.0	113000.0	113500.0	353415.0	113123.3515625
2017-08-21	115000.0	113000.0	114000.0	114000.0	257439.0	113621.6953125
2017-08-22	116500.0	113000.0	114500.0	115500.0	434151.0	115116.71875
2017-08-23	116500.0	114500.0	116500.0	115000.0	284841.0	114618.3828125
2017-08-24	118500.0	115500.0	115500.0	116500.0	494534.0	116113.3984375
2017-08-25	118500.0	116500.0	117500.0	117500.0	411686.0	117110.078125
2017-08-28	118500.0	116500.0	118000.0	118000.0	298415.0	117608.4140625
2017-08-29	120000.0	116500.0	117000.0	119000.0	679797.0	118605.09375
2017-08-30	125000.0	122000.0	122500.0	122000.0	1279951.0	121595.140625
2017-08-31	124500.0	122000.0	123000.0	123000.0	615126.0	122591.8203125
2017-09-01	123000.0	120000.0	123000.0	122000.0	509704.0	121595.140625
2017-09-04	122000.0	122000.0	122000.0	122000.0	0.0	121595.140625
2017-09-05	126000.0	120500.0	121500.0	125500.0	1049572.0	125083.53125
2017-09-06	129000.0	125000.0	126000.0	128000.0	1081421.0	127575.234375
2017-09-07	129000.0	126500.0	128000.0	127000.0	635882.0	126578.546875
2017-09-08	130000.0	127500.0	128000.0	129500.0	654931.0	129070.25
2017-09-11	132000.0	129500.0	130000.0	130500.0	664143.0	130066.9296875
2017-09-12	131000.0	128500.0	130500.0	130500.0	640335.0	130066.9296875
2017-09-13	130000.0	127000.0	130000.0	127500.0	972020.0	127076.890625
2017-09-14	133000.0	128500.0	129000.0	132000.0	2492580.0	131561.953125
2017-09-15	136000.0	131000.0	132500.0	135500.0	1146819.0	135050.34375
2017-09-18	137500.0	135000.0	136500.0	135500.0	718173.0	135050.34375
2017-09-19	137000.0	132000.0	135000.0	137000.0	646410.0	136545.375
2017-09-20	144000.0	138000.0	138000.0	142500.0	1321516.0	142027.109375
2017-09-21	144500.0	139500.0	144000.0	142000.0	815469.0	141528.765625
2017-09-25	140500.0	134000.0	136000.0	138500.0	693111.0	138040.375
2017-09-26	138500.0	138500.0	138500.0	138500.0	0.0	138040.375
2017-09-27	142000.0	139500.0	141500.0	140500.0	457782.0	140033.75
2017-09-28	141000.0	139000.0	140500.0	139500.0	320185.0	139037.078125
2017-09-29	145000.0	139500.0	140500.0	144000.0	750550.0	143522.140625
2017-10-10	149500.0	145500.0	147000.0	149000.0	837504.0	148505.546875
2017-10-11	151500.0	148000.0	149500.0	150500.0	523485.0	150000.5625
2017-10-12	159500.0	151000.0	151500.0	159500.0	1304122.0	158970.703125
2017-10-13	168000.0	151500.0	160000.0	152500.0	2543079.0	151993.921875
2017-10-16	157000.0	146000.0	150500.0	156000.0	1723984.0	155482.3125
2017-10-17	159000.0	153000.0	157000.0	157500.0	719696.0	156977.328125
2017-10-18	156500.0	147500.0	156500.0	148500.0	1640427.0	148007.203125
2017-10-19	151500.0	145000.0	149000.0	147000.0	1065448.0	146512.1875
2017-10-20	151500.0	148000.0	149000.0	150000.0	667108.0	149502.234375
2017-10-23	151500.0	147500.0	149000.0	151000.0	565904.0	150498.921875
2017-10-24	153000.0	150000.0	151000.0	150000.0	467080.0	149502.234375
2017-10-25	152000.0	145000.0	151500.0	146000.0	768872.0	145515.5
2017-10-26	145500.0	139000.0	145500.0	140000.0	1893626.0	139535.40625
2017-10-27	143500.0	136500.0	139500.0	143500.0	1032642.0	143023.78125
2017-10-30	146500.0	140500.0	144000.0	142000.0	652066.0	141528.765625
2017-10-31	146000.0	142500.0	143000.0	144000.0	465396.0	143522.140625
2017-11-01	151500.0	143000.0	145000.0	151000.0	1022580.0	150498.921875
2017-11-02	153000.0	149000.0	152500.0	150000.0	506579.0	149502.234375
2017-11-03	153000.0	146500.0	151000.0	152500.0	627354.0	151993.921875
2017-11-06	154000.0	151500.0	153500.0	153000.0	497572.0	152492.28125
2017-11-07	155000.0	152000.0	153500.0	154000.0	482499.0	153488.953125
2017-11-08	158000.0	154000.0	154500.0	157500.0	821591.0	156977.328125
2017-11-09	162500.0	149500.0	159500.0	152500.0	1633218.0	151993.921875
2017-11-10	156000.0	150000.0	151000.0	152500.0	737490.0	151993.921875
2017-11-13	155500.0	152000.0	153000.0	154000.0	604366.0	153488.953125
2017-11-14	156000.0	152500.0	154000.0	155000.0	516918.0	154485.625
2017-11-15	156000.0	153500.0	155500.0	154000.0	491354.0	153488.953125
2017-11-17	159500.0	154500.0	155500.0	157500.0	718319.0	156977.328125
2017-11-20	161000.0	158000.0	158500.0	160000.0	714306.0	159469.046875
2017-11-21	166000.0	160000.0	161500.0	161000.0	1244207.0	160465.71875
2017-11-22	161500.0	153000.0	161000.0	154500.0	4520630.0	153987.296875
2017-11-24	153500.0	146500.0	150000.0	148000.0	1274472.0	147508.859375
2017-11-27	151000.0	147000.0	147500.0	147500.0	771973.0	147010.515625
2017-11-28	148000.0	145000.0	147500.0	145500.0	651234.0	145017.140625
2017-11-29	146500.0	142000.0	146000.0	145000.0	1022981.0	144518.828125
2017-11-30	145500.0	135000.0	145000.0	136500.0	1808464.0	136047.015625
2017-12-01	141000.0	136500.0	136500.0	140000.0	867012.0	139535.40625
2017-12-04	143000.0	138500.0	140500.0	139500.0	481190.0	139037.078125
2017-12-05	141000.0	134000.0	139000.0	140500.0	779716.0	140033.75
2017-12-06	143000.0	138000.0	139500.0	138000.0	470275.0	137542.046875
2017-12-07	139000.0	133000.0	138000.0	135500.0	813930.0	135050.34375
2017-12-08	140500.0	137000.0	137000.0	138500.0	565316.0	138040.375
2017-12-11	140500.0	138000.0	140500.0	140000.0	284302.0	139535.40625
2017-12-12	143500.0	138000.0	139500.0	141000.0	445846.0	140532.09375
2017-12-13	142000.0	138500.0	141000.0	141000.0	283499.0	140532.09375
2017-12-14	145000.0	142000.0	142000.0	144000.0	639895.0	143522.140625
2017-12-15	145000.0	142000.0	144500.0	142500.0	345053.0	142027.109375
2017-12-18	139500.0	133500.0	138000.0	134500.0	1462446.0	134053.65625
2017-12-19	136500.0	131500.0	133500.0	135500.0	681961.0	135050.34375
2017-12-21	134000.0	129000.0	134000.0	129000.0	717635.0	128571.9140625
2017-12-22	130500.0	126500.0	128000.0	129500.0	586870.0	129070.25
2017-12-26	130500.0	125000.0	130500.0	126000.0	737536.0	125581.8671875
2017-12-27	140000.0	129500.0	130000.0	139500.0	1561744.0	139200.59375
2017-12-28	141500.0	134500.0	139500.0	137000.0	948214.0	136705.953125
2018-01-03	151000.0	145500.0	150500.0	149000.0	1154361.0	148680.1875
2018-01-04	159000.0	149500.0	152500.0	156000.0	2265019.0	155665.15625
2018-01-05	158000.0	152000.0	157000.0	156000.0	1067202.0	155665.15625
2018-01-08	162500.0	158000.0	160500.0	159500.0	1577403.0	159157.65625
2018-01-09	160000.0	154500.0	158000.0	157000.0	1010891.0	156663.015625
2018-01-10	158500.0	148000.0	156000.0	149500.0	1656798.0	149179.109375
2018-01-11	146500.0	138000.0	142000.0	140500.0	2474827.0	140198.4375
2018-01-12	145500.0	139000.0	145500.0	140500.0	1377402.0	140198.4375
2018-01-15	147500.0	141500.0	141500.0	145000.0	1265024.0	144688.78125
2018-01-16	145000.0	140000.0	144500.0	140500.0	1117873.0	140198.4375
2018-01-17	139000.0	133000.0	139000.0	134000.0	2415858.0	133712.375
2018-01-18	138500.0	134000.0	134500.0	135500.0	1965579.0	135209.171875
2018-01-19	139000.0	134000.0	136000.0	138000.0	1132433.0	137703.796875
2018-01-22	139000.0	135000.0	138000.0	135500.0	815041.0	135209.171875
2018-01-23	138000.0	135000.0	135500.0	136500.0	965243.0	136207.015625
2018-01-24	138000.0	134500.0	136500.0	135000.0	760888.0	134710.234375
2018-01-25	137500.0	134500.0	135000.0	135000.0	649676.0	134710.234375
2018-01-26	141000.0	135000.0	136000.0	140000.0	1271640.0	139699.5
2018-01-29	141500.0	138500.0	141000.0	139000.0	708612.0	138701.65625
2018-01-30	140500.0	137500.0	139000.0	138500.0	642199.0	138202.71875
2018-01-31	140000.0	135000.0	137500.0	140000.0	943362.0	139699.5
2018-02-01	142000.0	137500.0	140000.0	141500.0	910082.0	141196.28125
2018-02-02	145000.0	141500.0	142000.0	143500.0	2099421.0	143191.984375
2018-02-05	140000.0	134500.0	139500.0	134500.0	1624472.0	134211.3125
2018-02-06	131000.0	125000.0	126500.0	131000.0	2291759.0	130718.8203125
2018-02-07	134500.0	126500.0	134000.0	126500.0	1043100.0	126228.484375
2018-02-08	130000.0	124500.0	127000.0	126500.0	1044087.0	126228.484375
2018-02-09	124500.0	117000.0	121500.0	118000.0	2074927.0	117746.7265625
2018-02-12	120000.0	116500.0	119000.0	118000.0	817489.0	117746.7265625
2018-02-13	121000.0	118500.0	120000.0	119000.0	721603.0	118744.578125
2018-02-14	125000.0	119000.0	119500.0	122500.0	858572.0	122237.0703125
2018-02-19	126000.0	123000.0	126000.0	124000.0	419351.0	123733.84375
2018-02-20	124500.0	121500.0	124000.0	123000.0	288935.0	122735.9921875
2018-02-21	125500.0	122000.0	123500.0	124500.0	396493.0	124232.78125
2018-02-22	125000.0	122000.0	124500.0	123500.0	306321.0	123234.921875
2018-02-23	124000.0	122000.0	123500.0	123500.0	383787.0	123234.921875
2018-02-26	124500.0	122500.0	124500.0	123000.0	303789.0	122735.9921875
2018-02-27	131000.0	124000.0	124000.0	131000.0	1272000.0	130718.8203125
2018-02-28	132500.0	127000.0	130000.0	128000.0	857397.0	127725.265625
2018-03-02	128500.0	124500.0	126500.0	127500.0	474394.0	127226.3359375
2018-03-05	128000.0	123000.0	127500.0	123000.0	417227.0	122735.9921875
2018-03-06	134000.0	126000.0	126000.0	132500.0	1167882.0	132215.59375
2018-03-07	133500.0	129000.0	133000.0	129500.0	596902.0	129222.0390625
2018-03-08	132000.0	128500.0	129500.0	132000.0	499256.0	131716.671875
2018-03-09	135500.0	131000.0	133000.0	134000.0	753680.0	133712.375
2018-03-12	136500.0	134500.0	136000.0	135000.0	384411.0	134710.234375
2018-03-13	141000.0	135000.0	135500.0	140500.0	1320091.0	140198.4375
2018-03-14	140000.0	136000.0	139500.0	137000.0	703764.0	136705.953125
2018-03-15	141500.0	137000.0	137500.0	141500.0	950867.0	141196.28125
2018-03-16	143000.0	139000.0	141500.0	141000.0	1024727.0	140697.359375
2018-03-19	140500.0	136000.0	140000.0	137500.0	610095.0	137204.875
2018-03-20	140000.0	135000.0	135500.0	139000.0	556447.0	138701.65625
2018-03-21	140000.0	137500.0	139000.0	138000.0	416757.0	137703.796875
2018-03-22	139000.0	135500.0	137000.0	138000.0	567619.0	137703.796875
2018-03-23	136000.0	129500.0	135000.0	130500.0	1233587.0	130219.890625
2018-03-26	132500.0	126500.0	129500.0	131000.0	962796.0	130718.8203125
2018-03-27	134500.0	131000.0	134500.0	131500.0	451505.0	131217.75
2018-03-28	130500.0	128000.0	129000.0	129000.0	462777.0	128723.1171875
2018-03-29	131000.0	126500.0	129500.0	129500.0	437532.0	129222.0390625
2018-03-30	133500.0	130000.0	131500.0	132000.0	447866.0	131716.671875
2018-04-02	133500.0	128500.0	132500.0	129000.0	454496.0	128723.1171875
2018-04-03	130500.0	126500.0	127000.0	128500.0	483608.0	128224.1875
2018-04-04	129000.0	123500.0	129000.0	123500.0	730140.0	123234.921875
2018-04-05	126000.0	124000.0	125000.0	124500.0	299168.0	124232.78125
2018-04-06	125500.0	122000.0	125000.0	122500.0	376868.0	122237.0703125
2018-04-09	122500.0	120000.0	121500.0	121500.0	547412.0	121239.21875
2018-04-10	123500.0	121500.0	121500.0	122500.0	322551.0	122237.0703125
2018-04-11	125000.0	121000.0	124000.0	121500.0	379388.0	121239.21875
2018-04-12	122500.0	120000.0	122000.0	120000.0	367434.0	119742.4296875
2018-04-13	122000.0	119500.0	120500.0	120500.0	368169.0	120241.359375
2018-04-16	120500.0	116500.0	120500.0	117000.0	815062.0	116748.8671875
2018-04-17	120000.0	117500.0	117500.0	118000.0	399502.0	117746.7265625
2018-04-18	121500.0	118500.0	120000.0	119500.0	495833.0	119243.5078125
2018-04-19	119000.0	116000.0	119000.0	116500.0	648909.0	116249.9453125
2018-04-20	117500.0	113500.0	116500.0	115000.0	650463.0	114753.171875
2018-04-23	114500.0	111000.0	114500.0	111000.0	669590.0	110761.75
2018-04-24	115500.0	111000.0	112000.0	115000.0	473979.0	114753.171875
2018-04-25	119000.0	113500.0	115500.0	115500.0	607008.0	115252.09375
2018-04-26	117500.0	113500.0	116500.0	114000.0	366727.0	113755.3125
2018-04-27	115500.0	112000.0	115000.0	113500.0	402728.0	113256.3828125
2018-04-30	114000.0	110000.0	113500.0	111000.0	618640.0	110761.75
2018-05-02	114500.0	109500.0	110500.0	114500.0	526839.0	114254.234375
2018-05-03	116500.0	113000.0	114500.0	113500.0	350536.0	113256.3828125
2018-05-04	113500.0	111500.0	113000.0	112000.0	251346.0	111759.609375
2018-05-08	113000.0	110000.0	112000.0	112000.0	331690.0	111759.609375
2018-05-09	113000.0	110500.0	111000.0	113000.0	332320.0	112757.4609375
2018-05-10	118000.0	111000.0	113000.0	117000.0	840339.0	116748.8671875
2018-05-11	118000.0	116000.0	117500.0	117000.0	367532.0	116748.8671875
2018-05-14	116000.0	111000.0	114500.0	113000.0	657566.0	112757.4609375
2018-05-15	115000.0	112000.0	112000.0	114500.0	320939.0	114254.234375
2018-05-16	117000.0	113500.0	114500.0	117000.0	466027.0	116748.8671875
2018-05-17	118500.0	116000.0	117500.0	116500.0	338096.0	116249.9453125
2018-05-18	119000.0	112500.0	118500.0	113500.0	819348.0	113256.3828125
2018-05-21	114500.0	112500.0	113500.0	113500.0	176761.0	113256.3828125
2018-05-23	114500.0	112500.0	113000.0	112500.0	285620.0	112258.53125
2018-05-24	114000.0	112000.0	112000.0	113000.0	208135.0	112757.4609375
2018-05-25	114000.0	111500.0	112000.0	112000.0	257170.0	111759.609375
2018-05-28	111500.0	108000.0	111000.0	108000.0	679442.0	107768.1953125
2018-05-29	110000.0	107500.0	108000.0	108000.0	318837.0	107768.1953125
2018-05-30	107500.0	103500.0	107000.0	104000.0	600575.0	103776.7734375
2018-05-31	106000.0	103000.0	104500.0	103500.0	470392.0	103277.84375
2018-06-01	107000.0	103500.0	103500.0	104500.0	452021.0	104275.6953125
2018-06-04	108500.0	104000.0	104000.0	108000.0	432581.0	107768.1953125
2018-06-05	112000.0	107000.0	108000.0	111500.0	477854.0	111260.6796875
2018-06-07	113500.0	109000.0	112000.0	111500.0	355080.0	111260.6796875
2018-06-08	113500.0	110500.0	112000.0	113000.0	393243.0	112757.4609375
2018-06-11	114500.0	112000.0	113000.0	114000.0	251178.0	113755.3125
2018-06-12	114500.0	113000.0	114000.0	114000.0	180468.0	113755.3125
2018-06-14	114000.0	112000.0	114000.0	112000.0	250011.0	111759.609375
2018-06-15	112000.0	109000.0	112000.0	109500.0	336430.0	109264.96875
2018-06-18	110000.0	106000.0	109000.0	107500.0	405910.0	107269.2578125
2018-06-19	110500.0	105500.0	107000.0	106500.0	250870.0	106271.40625
2018-06-20	109000.0	106000.0	106000.0	108000.0	290289.0	107768.1953125
2018-06-21	109000.0	106000.0	107500.0	107000.0	172840.0	106770.3359375
2018-06-22	114500.0	106500.0	106500.0	114000.0	651617.0	113755.3125
2018-06-25	114500.0	112000.0	114000.0	114000.0	345973.0	113755.3125
2018-06-26	113000.0	111000.0	112500.0	112000.0	250298.0	111759.609375
2018-06-27	113500.0	110000.0	112500.0	111000.0	311174.0	110761.75
2018-06-28	112500.0	109000.0	110000.0	111500.0	221308.0	111260.6796875
2018-06-29	115500.0	112000.0	113000.0	114500.0	579530.0	114254.234375
2018-07-02	116500.0	111500.0	115500.0	111500.0	415693.0	111260.6796875
2018-07-03	115000.0	112500.0	113500.0	114000.0	314988.0	113755.3125
2018-07-04	118000.0	114000.0	114500.0	117000.0	846154.0	116748.8671875
2018-07-05	118500.0	115500.0	117000.0	116500.0	348243.0	116249.9453125
2018-07-06	117000.0	113000.0	116500.0	114500.0	383082.0	114254.234375
2018-07-09	117500.0	114500.0	114500.0	117500.0	394098.0	117247.796875
2018-07-10	118000.0	116000.0	117500.0	117000.0	222321.0	116748.8671875
2018-07-11	117000.0	115000.0	116000.0	116500.0	250313.0	116249.9453125
2018-07-12	118000.0	115500.0	117000.0	117500.0	444272.0	117247.796875
2018-07-13	119000.0	116500.0	118000.0	118000.0	302155.0	117746.7265625
2018-07-16	118500.0	115500.0	118000.0	116500.0	236711.0	116249.9453125
2018-07-17	116500.0	113500.0	116000.0	114000.0	372754.0	113755.3125
2018-07-18	116500.0	112000.0	115000.0	113000.0	351263.0	112757.4609375
2018-07-19	115500.0	112500.0	113000.0	114000.0	267375.0	113755.3125
2018-07-20	115500.0	113000.0	114000.0	115000.0	184967.0	114753.171875
2018-07-23	117000.0	113500.0	115000.0	115500.0	346894.0	115252.09375
2018-07-24	118000.0	115000.0	115500.0	117000.0	502533.0	116748.8671875
2018-07-25	118000.0	116000.0	117500.0	118000.0	310394.0	117746.7265625
2018-07-26	118500.0	116000.0	118000.0	117500.0	262125.0	117247.796875
2018-07-27	120000.0	116500.0	117500.0	119500.0	568921.0	119243.5078125
2018-07-30	119000.0	116000.0	118500.0	116500.0	308410.0	116249.9453125
2018-07-31	116000.0	111500.0	115000.0	112500.0	654749.0	112258.53125
2018-08-01	113500.0	111500.0	112500.0	112500.0	276459.0	112258.53125
2018-08-02	115000.0	111000.0	112500.0	111000.0	311779.0	110761.75
2018-08-03	113000.0	111500.0	111500.0	113000.0	169521.0	112757.4609375
2018-08-06	114500.0	112500.0	113500.0	113500.0	189971.0	113256.3828125
2018-08-07	120000.0	113000.0	114000.0	120000.0	742353.0	119742.4296875
2018-08-08	124500.0	118000.0	122000.0	119000.0	1216684.0	118744.578125
2018-08-09	126000.0	119500.0	121000.0	125500.0	1622449.0	125230.6328125
2018-08-10	129500.0	124000.0	125500.0	128000.0	1269641.0	127725.265625
2018-08-13	127500.0	122500.0	126500.0	124000.0	636617.0	123733.84375
2018-08-14	128500.0	123000.0	125000.0	127500.0	518080.0	127226.3359375
2018-08-16	128000.0	124000.0	124500.0	127500.0	478674.0	127226.3359375
2018-08-17	129000.0	126500.0	128500.0	127000.0	327327.0	126727.40625
2018-08-20	128000.0	124000.0	127000.0	124500.0	328660.0	124232.78125
2018-08-21	126500.0	124000.0	125000.0	124000.0	353528.0	123733.84375
2018-08-22	125500.0	122500.0	125500.0	124500.0	333939.0	124232.78125
2018-08-23	126000.0	123500.0	125000.0	125500.0	292057.0	125230.6328125
2018-08-24	125000.0	123000.0	125000.0	124000.0	283256.0	123733.84375
2018-08-27	128000.0	124000.0	124000.0	128000.0	588666.0	127725.265625
2018-08-28	127500.0	123500.0	127000.0	125500.0	480764.0	125230.6328125
2018-08-29	127500.0	124000.0	125000.0	126500.0	750163.0	126228.484375
2018-08-30	128000.0	125500.0	126500.0	126500.0	313774.0	126228.484375
2018-08-31	125500.0	123000.0	124000.0	125000.0	431909.0	124731.703125
2018-09-03	125500.0	121000.0	125000.0	121500.0	460200.0	121239.21875
2018-09-04	123000.0	120500.0	121500.0	122000.0	268355.0	121738.140625
2018-09-05	123500.0	121000.0	122000.0	121000.0	215419.0	120740.28125
2018-09-06	122000.0	119000.0	121500.0	120000.0	299195.0	119742.4296875
2018-09-07	120500.0	118500.0	120000.0	120000.0	206174.0	119742.4296875
2018-09-10	120500.0	118500.0	119000.0	119000.0	216152.0	118744.578125
2018-09-11	118500.0	116000.0	118500.0	116500.0	424870.0	116249.9453125
2018-09-12	120500.0	116500.0	116500.0	120000.0	344739.0	119742.4296875
2018-09-13	122000.0	119500.0	121000.0	121000.0	407528.0	120740.28125
2018-09-14	121000.0	118500.0	120500.0	120000.0	287642.0	119742.4296875
2018-09-17	121500.0	118000.0	120500.0	121500.0	359811.0	121239.21875
2018-09-18	122500.0	120000.0	122000.0	120500.0	384132.0	120241.359375
2018-09-19	121000.0	116500.0	121000.0	117000.0	664304.0	116748.8671875
2018-09-20	119500.0	117000.0	118000.0	117500.0	308838.0	117247.796875
2018-09-21	123500.0	118500.0	121500.0	118500.0	667099.0	118245.65625
2018-09-27	121000.0	119000.0	119000.0	120500.0	275536.0	120241.359375
2018-09-28	120500.0	119000.0	120000.0	119000.0	229927.0	118744.578125
2018-10-01	123500.0	119500.0	120000.0	119500.0	368677.0	119243.5078125
2018-10-02	121000.0	114500.0	120500.0	115500.0	615909.0	115252.09375
2018-10-04	115500.0	111000.0	114500.0	112000.0	603136.0	111759.609375
2018-10-05	111500.0	108500.0	110500.0	109000.0	479642.0	108766.046875
2018-10-08	110500.0	107500.0	107500.0	107500.0	187871.0	107269.2578125
2018-10-10	108500.0	104000.0	106500.0	104000.0	516278.0	103776.7734375
2018-10-11	102000.0	98500.0	100000.0	98500.0	957608.0	98288.5859375
2018-10-12	102000.0	97600.0	98500.0	101000.0	537122.0	100783.2109375
2018-10-15	102000.0	99200.0	101000.0	99300.0	219792.0	99086.8671875
2018-10-16	101000.0	99300.0	99300.0	100500.0	183949.0	100284.2890625
2018-10-17	103000.0	100000.0	103000.0	100500.0	302780.0	100284.2890625
2018-10-18	101500.0	99700.0	100000.0	100500.0	173176.0	100284.2890625
2018-10-19	102000.0	99100.0	100000.0	101000.0	268396.0	100783.2109375
2018-10-22	104000.0	100500.0	101500.0	102500.0	208316.0	102279.9921875
2018-10-23	103500.0	100000.0	102500.0	100500.0	194001.0	100284.2890625
2018-10-24	101500.0	98900.0	101000.0	99200.0	312593.0	98987.078125
2018-10-25	97300.0	92000.0	97300.0	94200.0	1024715.0	93997.8046875
2018-10-26	95500.0	89900.0	95000.0	90900.0	653419.0	90704.890625
2018-10-29	92400.0	87200.0	89900.0	87600.0	599252.0	87411.9765625
2018-10-30	91100.0	86000.0	86000.0	90500.0	521229.0	90305.75
2018-10-31	92800.0	89700.0	90900.0	91600.0	336787.0	91403.390625
2018-11-01	95600.0	91900.0	92000.0	93100.0	372853.0	92900.171875
2018-11-02	98500.0	94100.0	95200.0	98200.0	409600.0	97989.2265625
2018-11-05	97400.0	94700.0	97000.0	95500.0	339846.0	95295.0234375
2018-11-06	97500.0	95000.0	95700.0	96600.0	195992.0	96392.65625
2018-11-07	97700.0	95200.0	97100.0	95600.0	269320.0	95394.8046875
2018-11-08	102000.0	97800.0	97900.0	100000.0	644793.0	99785.359375
2018-11-09	102000.0	98700.0	100000.0	100500.0	292309.0	100284.2890625
2018-11-12	101500.0	100000.0	101000.0	101000.0	201208.0	100783.2109375
2018-11-13	101500.0	98700.0	98800.0	101500.0	278476.0	101282.1484375
2018-11-14	104000.0	101500.0	102500.0	103000.0	281601.0	102778.921875
2018-11-16	106000.0	102000.0	105000.0	102500.0	206149.0	102279.9921875
2018-11-19	107500.0	102500.0	102500.0	107000.0	346393.0	106770.3359375
2018-11-20	107500.0	105000.0	106500.0	107000.0	234825.0	106770.3359375
2018-11-21	107500.0	104500.0	105000.0	107500.0	206018.0	107269.2578125
2018-11-22	107500.0	106000.0	107000.0	106500.0	143409.0	106271.40625
2018-11-23	109500.0	106000.0	107000.0	108000.0	242633.0	107768.1953125
2018-11-26	113000.0	107500.0	107500.0	112500.0	460406.0	112258.53125
2018-11-27	114000.0	110000.0	113000.0	110500.0	270808.0	110262.8203125
2018-11-28	113000.0	111000.0	111500.0	112000.0	185906.0	111759.609375
2018-11-29	114000.0	111000.0	113000.0	112000.0	263008.0	111759.609375
2018-11-30	113000.0	111500.0	112000.0	112500.0	346553.0	112258.53125
2018-12-03	115000.0	112500.0	114500.0	113500.0	262030.0	113256.3828125
2018-12-04	115000.0	113000.0	114000.0	113500.0	264857.0	113256.3828125
2018-12-05	115000.0	111500.0	112000.0	114500.0	222316.0	114254.234375
2018-12-06	117500.0	114500.0	115000.0	116000.0	396531.0	115751.015625
2018-12-07	117000.0	112000.0	116500.0	114500.0	354995.0	114254.234375
2018-12-10	113500.0	110000.0	113000.0	111000.0	331087.0	110761.75
2018-12-11	110500.0	106500.0	110000.0	107000.0	461496.0	106770.3359375
2018-12-12	111000.0	105500.0	107000.0	110000.0	393740.0	109763.8984375
2018-12-13	114500.0	110500.0	111500.0	111500.0	494887.0	111260.6796875
2018-12-14	111500.0	109000.0	110500.0	110000.0	196803.0	109763.8984375
2018-12-17	112000.0	108500.0	110000.0	110500.0	173155.0	110262.8203125
2018-12-18	111000.0	107000.0	108500.0	108500.0	188963.0	108267.1171875
2018-12-19	109000.0	106000.0	108500.0	108000.0	218497.0	107768.1953125
2018-12-20	107000.0	101000.0	107000.0	103000.0	579446.0	102778.921875
2018-12-21	104500.0	101000.0	102500.0	104500.0	429650.0	104275.6953125
2018-12-24	104500.0	100000.0	104500.0	101000.0	320266.0	100783.2109375
2018-12-26	100500.0	98000.0	99000.0	98500.0	492532.0	98288.5859375
2018-12-27	102000.0	100000.0	100500.0	101500.0	217247.0	101412.8984375
2018-12-28	104500.0	101000.0	101000.0	103000.0	190847.0	102911.609375
2019-01-02	105000.0	101500.0	103500.0	102000.0	173462.0	101912.46875
2019-01-03	105500.0	100500.0	102500.0	102500.0	293989.0	102412.0390625
2019-01-04	104000.0	101500.0	102000.0	103500.0	251728.0	103411.1875
2019-01-07	107000.0	102000.0	105000.0	103000.0	378153.0	102911.609375
2019-01-08	103000.0	99500.0	102500.0	99900.0	450462.0	99814.2734375
2019-01-09	102500.0	100000.0	100500.0	102000.0	357096.0	101912.46875
2019-01-10	103000.0	100500.0	101000.0	101000.0	291573.0	100913.328125
2019-01-11	103500.0	101000.0	101000.0	102000.0	180561.0	101912.46875
2019-01-14	102000.0	99800.0	102000.0	100000.0	243305.0	99914.1875
2019-01-15	102500.0	99500.0	100000.0	99900.0	381581.0	99814.2734375
2019-01-16	101000.0	99800.0	100500.0	100000.0	217209.0	99914.1875
2019-01-17	102000.0	98500.0	100000.0	98500.0	434803.0	98415.4765625
2019-01-18	99900.0	98900.0	99000.0	99600.0	291588.0	99514.53125
2019-01-21	100000.0	98700.0	99900.0	98800.0	252620.0	98715.21875
2019-01-22	102500.0	99300.0	99400.0	102000.0	448490.0	101912.46875
2019-01-23	103000.0	100500.0	101500.0	102500.0	360462.0	102412.0390625
2019-01-24	103500.0	101000.0	102500.0	102000.0	282408.0	101912.46875
2019-01-25	103000.0	101000.0	101500.0	102500.0	355017.0	102412.0390625
2019-01-28	104000.0	101500.0	103000.0	102000.0	275296.0	101912.46875
2019-01-29	102000.0	101000.0	101500.0	102000.0	225138.0	101912.46875
2019-01-30	102500.0	99500.0	102000.0	99900.0	565397.0	99814.2734375
2019-01-31	100500.0	98800.0	100500.0	99300.0	546040.0	99214.7890625
2019-02-01	100500.0	99200.0	99400.0	99600.0	388183.0	99514.53125
2019-02-07	100000.0	98700.0	100000.0	99000.0	307297.0	98915.046875
2019-02-08	99100.0	98100.0	98700.0	98200.0	314884.0	98115.734375
2019-02-11	98700.0	95300.0	98500.0	95600.0	906796.0	95517.9609375
2019-02-12	96500.0	93300.0	95600.0	96000.0	599314.0	95917.6171875
2019-02-13	98900.0	95500.0	96500.0	98100.0	519566.0	98015.8203125
2019-02-14	101000.0	96100.0	97800.0	100500.0	849160.0	100413.7578125
2019-02-15	103500.0	100500.0	101500.0	101500.0	653634.0	101412.8984375
2019-02-18	103000.0	101000.0	102500.0	102000.0	355745.0	101912.46875
2019-02-19	102000.0	100000.0	101500.0	100000.0	231131.0	99914.1875
2019-02-20	101000.0	98500.0	100500.0	99700.0	387109.0	99614.4453125
2019-02-21	101000.0	98800.0	99800.0	98900.0	328444.0	98815.1328125
2019-02-22	100500.0	98800.0	99500.0	99300.0	294247.0	99214.7890625
2019-02-25	99800.0	98100.0	99400.0	98300.0	370483.0	98215.6484375
2019-02-26	103500.0	98400.0	98400.0	103500.0	1238902.0	103411.1875
2019-02-27	105500.0	103000.0	104500.0	105000.0	551979.0	104909.8984375
2019-02-28	106500.0	103500.0	105000.0	103500.0	733261.0	103411.1875
2019-03-04	109000.0	105000.0	105500.0	108500.0	853038.0	108406.890625
2019-03-05	108000.0	105500.0	108000.0	106500.0	472504.0	106408.609375
2019-03-06	108000.0	104000.0	107000.0	105500.0	298220.0	105409.46875
2019-03-07	107000.0	103500.0	105500.0	104500.0	330354.0	104410.328125
2019-03-08	109500.0	106500.0	109000.0	107500.0	792787.0	107407.75
2019-03-11	108000.0	104500.0	108000.0	106000.0	276026.0	105909.0390625
2019-03-12	107000.0	103500.0	106500.0	103500.0	380777.0	103411.1875
2019-03-13	106500.0	103500.0	104000.0	104000.0	240466.0	103910.7578125
2019-03-14	107500.0	104500.0	105000.0	106500.0	444051.0	106408.609375
2019-03-15	108500.0	106500.0	106500.0	107500.0	463768.0	107407.75
2019-03-18	108500.0	107000.0	108000.0	107500.0	197291.0	107407.75
2019-03-19	108500.0	102500.0	107500.0	102500.0	605054.0	102412.0390625
2019-03-20	103500.0	100000.0	103000.0	102000.0	492001.0	101912.46875
2019-03-21	104000.0	101500.0	102000.0	102500.0	230173.0	102412.0390625
2019-03-22	104500.0	103000.0	103000.0	104000.0	239614.0	103910.7578125
2019-03-25	104000.0	101500.0	102000.0	102000.0	171747.0	101912.46875
2019-03-26	105500.0	102000.0	102500.0	104000.0	257452.0	103910.7578125
2019-03-27	104500.0	102000.0	104500.0	102500.0	208707.0	102412.0390625
2019-03-28	104000.0	102000.0	102000.0	102500.0	162966.0	102412.0390625
2019-03-29	104000.0	102500.0	103000.0	103500.0	153823.0	103411.1875
2019-04-01	104000.0	102000.0	103500.0	103000.0	216132.0	102911.609375
2019-04-02	104000.0	102000.0	103500.0	103500.0	227338.0	103411.1875
2019-04-03	104000.0	102000.0	103000.0	102500.0	294101.0	102412.0390625
2019-04-04	103000.0	101500.0	102500.0	102500.0	261063.0	102412.0390625
2019-04-05	103000.0	102000.0	102500.0	102500.0	132105.0	102412.0390625
2019-04-08	103500.0	101500.0	103000.0	102000.0	203479.0	101912.46875
2019-04-09	102000.0	100000.0	102000.0	100500.0	383038.0	100413.7578125
2019-04-10	103000.0	100500.0	101000.0	102500.0	263334.0	102412.0390625
2019-04-11	103000.0	101500.0	103000.0	102500.0	253796.0	102412.0390625
2019-04-12	102500.0	101500.0	102500.0	102500.0	162349.0	102412.0390625
2019-04-15	110500.0	103000.0	104000.0	110500.0	1228969.0	110405.1796875
2019-04-16	118000.0	112500.0	113500.0	117500.0	1744272.0	117399.171875
2019-04-17	119000.0	115500.0	117000.0	117500.0	653103.0	117399.171875
2019-04-18	119500.0	116000.0	119000.0	116500.0	443925.0	116400.03125
2019-04-19	119000.0	115000.0	117000.0	117000.0	329620.0	116899.6015625
2019-04-22	120500.0	117000.0	118000.0	118000.0	457505.0	117898.7421875
2019-04-23	119500.0	116000.0	118500.0	116500.0	259471.0	116400.03125
2019-04-24	118500.0	115500.0	117500.0	118000.0	443136.0	117898.7421875
2019-04-25	118000.0	115000.0	117500.0	116000.0	292233.0	115900.4609375
2019-04-26	117500.0	113000.0	115500.0	115000.0	366725.0	114901.3125
2019-04-29	119500.0	114000.0	115500.0	119500.0	512703.0	119397.453125
2019-04-30	121000.0	118500.0	119000.0	120000.0	494890.0	119897.0234375
2019-05-02	124500.0	119500.0	120000.0	123000.0	742545.0	122894.453125
2019-05-03	129000.0	125500.0	126000.0	128000.0	1098989.0	127890.15625
2019-05-07	130000.0	126000.0	126000.0	127500.0	664716.0	127390.5859375
2019-05-08	130000.0	125500.0	126500.0	128500.0	700167.0	128389.734375
2019-05-09	133500.0	126500.0	133500.0	126500.0	1352763.0	126391.4453125
2019-05-10	131000.0	127500.0	128500.0	130000.0	1006921.0	129888.4453125
2019-05-13	130500.0	127000.0	130500.0	128500.0	584824.0	128389.734375
2019-05-14	135000.0	126500.0	127000.0	134000.0	1360661.0	133885.015625
2019-05-15	136000.0	130000.0	135500.0	132000.0	1241060.0	131886.734375
2019-05-16	134000.0	130500.0	132500.0	133500.0	558891.0	133385.4375
2019-05-17	129500.0	124000.0	129000.0	124500.0	5222004.0	124393.1640625
2019-05-20	128500.0	125500.0	126500.0	126500.0	899474.0	126391.4453125
2019-05-21	127500.0	125000.0	126500.0	125000.0	694961.0	124892.734375
2019-05-22	126500.0	121500.0	125500.0	125500.0	840648.0	125392.3046875
2019-05-23	127000.0	123500.0	125000.0	124000.0	425136.0	123893.59375
2019-05-24	124000.0	120500.0	123000.0	124000.0	766145.0	123893.59375
2019-05-27	126500.0	120500.0	125000.0	122000.0	550142.0	121895.3046875
2019-05-28	125000.0	120500.0	121000.0	123000.0	565899.0	122894.453125
2019-05-29	123500.0	120500.0	122500.0	121500.0	323116.0	121395.734375
2019-05-30	125500.0	122000.0	122000.0	124500.0	460680.0	124393.1640625
2019-05-31	126000.0	123000.0	124000.0	124500.0	325040.0	124393.1640625
2019-06-03	125500.0	122000.0	123500.0	122500.0	316035.0	122394.8828125
2019-06-04	124000.0	116500.0	122500.0	119500.0	847685.0	119397.453125
2019-06-05	121500.0	119500.0	121000.0	120500.0	307665.0	120396.59375
2019-06-07	120500.0	117500.0	120000.0	120000.0	537162.0	119897.0234375
2019-06-10	125000.0	119000.0	120000.0	124000.0	506951.0	123893.59375
2019-06-11	125000.0	122500.0	124000.0	124500.0	244302.0	124393.1640625
2019-06-12	125000.0	122500.0	124500.0	124000.0	212619.0	123893.59375
2019-06-13	127500.0	123500.0	124000.0	126500.0	747390.0	126391.4453125
2019-06-14	128000.0	124500.0	127000.0	125000.0	357300.0	124892.734375
2019-06-17	125000.0	121000.0	125000.0	121500.0	349662.0	121395.734375
2019-06-18	123000.0	120000.0	121500.0	121000.0	344107.0	120896.1640625
2019-06-19	122500.0	121000.0	122500.0	122000.0	178919.0	121895.3046875
2019-06-20	124000.0	120000.0	122000.0	122000.0	287954.0	121895.3046875
2019-06-21	128000.0	124000.0	124500.0	126500.0	808423.0	126391.4453125
2019-06-24	128000.0	125500.0	127000.0	126000.0	306333.0	125891.875
2019-06-25	131000.0	127500.0	129000.0	130500.0	956899.0	130388.015625
2019-06-26	132500.0	129000.0	131000.0	129500.0	516097.0	129388.875
2019-06-27	133500.0	130000.0	131000.0	131500.0	704159.0	131387.15625
2019-06-28	133000.0	130000.0	131500.0	131500.0	362354.0	131387.15625
2019-07-01	133000.0	129000.0	132500.0	129500.0	433735.0	129388.875
2019-07-02	131500.0	128000.0	129500.0	131500.0	264488.0	131387.15625
2019-07-03	132000.0	130000.0	131500.0	131000.0	300667.0	130887.5859375
2019-07-04	132500.0	129500.0	131000.0	132500.0	362634.0	132386.296875
2019-07-05	134000.0	131500.0	133000.0	133500.0	458417.0	133385.4375
2019-07-08	133500.0	128000.0	133500.0	128000.0	581000.0	127890.15625
2019-07-09	132000.0	128000.0	128500.0	131000.0	463640.0	130887.5859375
2019-07-10	132000.0	129000.0	132000.0	131000.0	312943.0	130887.5859375
2019-07-11	133000.0	130500.0	131000.0	130500.0	525918.0	130388.015625
2019-07-12	132500.0	129500.0	131000.0	131500.0	300566.0	131387.15625
2019-07-15	136000.0	131000.0	132500.0	133000.0	783546.0	132885.875
2019-07-16	134000.0	132000.0	133500.0	133000.0	323628.0	132885.875
2019-07-17	132500.0	129500.0	132000.0	131000.0	328637.0	130887.5859375
2019-07-18	132500.0	130500.0	130500.0	131500.0	170819.0	131387.15625
2019-07-19	135500.0	131500.0	132000.0	135000.0	656218.0	134884.15625
2019-07-22	136000.0	133500.0	134500.0	134000.0	408551.0	133885.015625
2019-07-23	136500.0	133000.0	134000.0	136000.0	469494.0	135883.296875
2019-07-24	138000.0	134000.0	136000.0	136000.0	692256.0	135883.296875
2019-07-25	136000.0	128000.0	136000.0	131000.0	1295817.0	130887.5859375
2019-07-26	132000.0	127000.0	129000.0	131000.0	701403.0	130887.5859375
2019-07-29	132000.0	128000.0	130000.0	129000.0	368682.0	128889.3046875
2019-07-30	129500.0	126000.0	128500.0	126000.0	467439.0	125891.875
2019-07-31	128000.0	124500.0	125000.0	127000.0	294609.0	126891.015625
2019-08-01	128500.0	125500.0	126000.0	126500.0	249194.0	126391.4453125
2019-08-02	130000.0	123500.0	126000.0	128500.0	444403.0	128389.734375
2019-08-05	129000.0	121500.0	128000.0	122500.0	597268.0	122394.8828125
2019-08-06	124500.0	117500.0	118500.0	122000.0	714349.0	121895.3046875
2019-08-07	125000.0	121500.0	124500.0	123500.0	424495.0	123394.0234375
2019-08-08	129000.0	125500.0	128000.0	127000.0	956084.0	126891.015625
2019-08-09	133000.0	127500.0	128000.0	132000.0	780515.0	131886.734375
2019-08-12	133500.0	129500.0	133000.0	130000.0	265084.0	129888.4453125
2019-08-13	132500.0	129000.0	130000.0	131500.0	361927.0	131387.15625
2019-08-14	133000.0	129000.0	133000.0	130500.0	338519.0	130388.015625
2019-08-16	130000.0	128000.0	129500.0	129500.0	300046.0	129388.875
2019-08-19	131500.0	129500.0	130500.0	130500.0	222446.0	130388.015625
2019-08-20	132000.0	129500.0	131000.0	132000.0	369383.0	131886.734375
2019-08-21	133000.0	130500.0	131000.0	131500.0	284628.0	131387.15625
2019-08-22	135000.0	131500.0	131500.0	133000.0	597184.0	132885.875
2019-08-23	133500.0	130500.0	132000.0	133000.0	414033.0	132885.875
2019-08-26	133000.0	129500.0	130000.0	132500.0	374958.0	132386.296875
2019-08-27	135000.0	133000.0	133500.0	134000.0	499775.0	133885.015625
2019-08-28	135000.0	132500.0	134000.0	133500.0	255507.0	133385.4375
2019-08-29	133500.0	131000.0	133000.0	133000.0	351957.0	132885.875
2019-08-30	135500.0	134000.0	134000.0	134500.0	402408.0	134384.578125
2019-09-02	137500.0	133500.0	134000.0	137000.0	575791.0	136882.4375
2019-09-03	138000.0	136000.0	137500.0	137500.0	291503.0	137382.0
2019-09-04	139000.0	136500.0	137000.0	138500.0	431250.0	138381.15625
2019-09-05	139000.0	134500.0	138000.0	135000.0	598646.0	134884.15625
2019-09-06	136500.0	135000.0	135000.0	136000.0	191271.0	135883.296875
2019-09-09	135500.0	132000.0	135000.0	133000.0	673204.0	132885.875
2019-09-10	135500.0	132500.0	133000.0	135500.0	310565.0	135383.71875
2019-09-11	136000.0	133000.0	135500.0	133000.0	734465.0	132885.875
2019-09-16	135000.0	131000.0	134500.0	132000.0	413424.0	131886.734375
2019-09-17	134000.0	132000.0	132000.0	132000.0	326141.0	131886.734375
2019-09-18	137000.0	133000.0	133000.0	137000.0	684630.0	136882.4375
2019-09-19	137500.0	135000.0	136500.0	135500.0	242822.0	135383.71875
2019-09-20	135500.0	133000.0	135500.0	135500.0	358235.0	135383.71875
2019-09-23	136500.0	134500.0	135000.0	134500.0	207227.0	134384.578125
2019-09-24	138000.0	134500.0	135000.0	138000.0	466753.0	137881.578125
2019-09-25	138500.0	136000.0	137500.0	136000.0	301919.0	135883.296875
2019-09-26	137500.0	135000.0	137000.0	136500.0	210766.0	136382.859375
2019-09-27	136500.0	134500.0	136500.0	135500.0	168760.0	135383.71875
2019-09-30	136000.0	134000.0	134500.0	135500.0	202006.0	135383.71875
2019-10-01	138000.0	136000.0	136000.0	137500.0	252319.0	137382.0
2019-10-02	137000.0	135500.0	136500.0	135500.0	152309.0	135383.71875
2019-10-04	136000.0	133500.0	134500.0	133500.0	238417.0	133385.4375
2019-10-07	135000.0	133000.0	134000.0	134500.0	344020.0	134384.578125
2019-10-08	135000.0	133500.0	134500.0	134500.0	224907.0	134384.578125
2019-10-10	137000.0	132500.0	133000.0	136500.0	694345.0	136382.859375
2019-10-11	137500.0	134500.0	136500.0	135000.0	238584.0	134884.15625
2019-10-14	136500.0	134000.0	136000.0	134500.0	317555.0	134384.578125
2019-10-15	135000.0	133000.0	135000.0	134000.0	190243.0	133885.015625
2019-10-16	134500.0	128500.0	134000.0	132000.0	753513.0	131886.734375
2019-10-17	132500.0	129000.0	131500.0	130500.0	618170.0	130388.015625
2019-10-18	133500.0	131000.0	131000.0	132500.0	332984.0	132386.296875
2019-10-21	134000.0	131000.0	132500.0	133500.0	214102.0	133385.4375
2019-10-22	136000.0	134000.0	134000.0	136000.0	337570.0	135883.296875
2019-10-23	140000.0	135500.0	136000.0	140000.0	1045771.0	139879.859375
2019-10-24	142000.0	139000.0	140500.0	139500.0	490092.0	139380.296875
2019-10-25	141000.0	139500.0	140000.0	140000.0	196552.0	139879.859375
2019-10-28	145000.0	139500.0	142000.0	140000.0	665988.0	139879.859375
2019-10-29	142000.0	138000.0	141500.0	139500.0	367213.0	139380.296875
2019-10-30	140500.0	137500.0	140500.0	138000.0	251362.0	137881.578125
2019-10-31	144000.0	138500.0	139000.0	141500.0	726151.0	141378.578125
2019-11-01	146000.0	142000.0	142500.0	145500.0	717046.0	145375.140625
2019-11-04	147500.0	145500.0	146500.0	146500.0	436509.0	146374.28125
2019-11-05	149000.0	145500.0	146000.0	148500.0	502806.0	148372.5625
2019-11-06	151000.0	148000.0	149000.0	151000.0	516744.0	150870.421875
2019-11-07	154500.0	147000.0	152000.0	151000.0	1222184.0	150870.421875
2019-11-08	155000.0	151000.0	152000.0	152000.0	900774.0	151869.5625
2019-11-11	155000.0	152000.0	153000.0	154000.0	509809.0	153867.84375
2019-11-12	154500.0	152000.0	154000.0	153500.0	396292.0	153368.28125
2019-11-13	154000.0	151000.0	152500.0	153500.0	376959.0	153368.28125
2019-11-15	155500.0	153500.0	154500.0	155500.0	281084.0	155366.5625
2019-11-18	158000.0	155500.0	155500.0	157500.0	372362.0	157364.84375
2019-11-19	157500.0	155500.0	157500.0	156500.0	323233.0	156365.703125
2019-11-20	159000.0	155500.0	156000.0	156500.0	332676.0	156365.703125
2019-11-21	157000.0	151000.0	156500.0	154000.0	666854.0	153867.84375
2019-11-22	155500.0	152000.0	153000.0	153000.0	335038.0	152868.703125
2019-11-25	156500.0	153500.0	153500.0	156500.0	300270.0	156365.703125
2019-11-26	158500.0	156500.0	157000.0	157500.0	361401.0	157364.84375
2019-11-27	159000.0	156500.0	158500.0	157500.0	294619.0	157364.84375
2019-11-28	157500.0	155500.0	156500.0	157000.0	218221.0	156865.28125
2019-11-29	159000.0	153500.0	156000.0	155500.0	471253.0	155366.5625
2019-12-02	156500.0	153500.0	156000.0	156500.0	250192.0	156365.703125
2019-12-03	157000.0	154000.0	155500.0	157000.0	235453.0	156865.28125
2019-12-04	156000.0	154500.0	156000.0	156000.0	233141.0	155866.125
2019-12-05	156000.0	148500.0	155500.0	149500.0	841460.0	149371.703125
2019-12-06	154000.0	149000.0	149000.0	153500.0	415390.0	153368.28125
2019-12-09	154500.0	151000.0	154000.0	151500.0	267330.0	151370.0
2019-12-10	151500.0	147000.0	150000.0	149500.0	516074.0	149371.703125
2019-12-11	150500.0	147500.0	150500.0	150000.0	480071.0	149871.28125
2019-12-12	151500.0	149000.0	151000.0	149500.0	710378.0	149371.703125
2019-12-13	151000.0	148500.0	150500.0	151000.0	456822.0	150870.421875
2019-12-16	152000.0	150000.0	151000.0	151500.0	297095.0	151370.0
2019-12-17	152000.0	149500.0	151500.0	150500.0	275832.0	150370.859375
2019-12-18	152000.0	149500.0	150500.0	151000.0	252752.0	150870.421875
2019-12-19	151000.0	149000.0	150500.0	150000.0	175849.0	149871.28125
2019-12-20	153000.0	149500.0	150000.0	150000.0	545445.0	149871.28125
2019-12-23	151000.0	148000.0	151000.0	148500.0	283403.0	148372.5625
2019-12-24	150000.0	144500.0	148000.0	146500.0	367817.0	146374.28125
2019-12-26	148000.0	146000.0	146000.0	148000.0	320921.0	147873.0
2019-12-27	154000.0	149000.0	149500.0	153500.0	690548.0	153500.0
2019-12-30	155000.0	153000.0	154000.0	153500.0	428587.0	153500.0
2020-01-02	154500.0	152000.0	154000.0	152500.0	241047.0	152500.0
2020-01-03	155000.0	151000.0	153500.0	152500.0	314848.0	152500.0
2020-01-06	155000.0	150000.0	150500.0	154500.0	393715.0	154500.0
2020-01-07	160000.0	154500.0	155000.0	160000.0	840186.0	160000.0
2020-01-08	162000.0	156500.0	158500.0	159500.0	851619.0	159500.0
2020-01-09	165500.0	162500.0	163500.0	164000.0	878319.0	164000.0
2020-01-10	166500.0	163000.0	165000.0	165000.0	401906.0	165000.0
2020-01-13	167500.0	165000.0	165500.0	167000.0	475667.0	167000.0
2020-01-14	168500.0	165500.0	167500.0	167000.0	423286.0	167000.0
2020-01-15	170500.0	166500.0	167000.0	170000.0	462119.0	170000.0
2020-01-16	172000.0	170000.0	170000.0	171500.0	260049.0	171500.0
2020-01-17	172500.0	168000.0	171500.0	168500.0	354724.0	168500.0
2020-01-20	170000.0	167000.0	169000.0	168500.0	380510.0	168500.0
2020-01-21	169000.0	163500.0	168500.0	165000.0	389155.0	165000.0
2020-01-22	169000.0	164500.0	166000.0	166000.0	504350.0	166000.0
2020-01-23	168000.0	164500.0	168000.0	165500.0	323420.0	165500.0
2020-01-28	163500.0	159500.0	160000.0	162500.0	513228.0	162500.0
2020-01-29	166000.0	162500.0	165500.0	163500.0	255167.0	163500.0
2020-01-30	165500.0	160500.0	163000.0	162000.0	418908.0	162000.0
2020-01-31	164000.0	158500.0	162500.0	159000.0	346067.0	159000.0
2020-02-03	160500.0	156000.0	156000.0	159500.0	423907.0	159500.0
2020-02-04	165500.0	160500.0	161500.0	164500.0	394773.0	164500.0
2020-02-05	167000.0	161500.0	166500.0	163000.0	456954.0	163000.0
2020-02-06	168000.0	163500.0	165500.0	166000.0	552044.0	166000.0
2020-02-07	170500.0	166000.0	167000.0	167500.0	522100.0	167500.0
2020-02-10	169500.0	166000.0	167500.0	169000.0	375209.0	169000.0
2020-02-11	170000.0	168000.0	169000.0	170000.0	307120.0	170000.0
2020-02-12	172000.0	168000.0	169500.0	172000.0	407917.0	172000.0
2020-02-13	181500.0	173500.0	174500.0	179000.0	1877980.0	179000.0
2020-02-14	184500.0	179000.0	181000.0	180000.0	948085.0	180000.0
2020-02-17	182000.0	179000.0	180000.0	180500.0	329408.0	180500.0
2020-02-18	183500.0	179000.0	180500.0	182000.0	587253.0	182000.0
2020-02-19	190500.0	183500.0	184000.0	190000.0	1362998.0	190000.0
2020-02-20	191500.0	188000.0	190500.0	190500.0	547405.0	190500.0
2020-02-21	191500.0	187500.0	188500.0	189500.0	558497.0	189500.0
2020-02-24	186000.0	182000.0	184500.0	183500.0	792733.0	183500.0
2020-02-25	186000.0	180000.0	182000.0	185500.0	596763.0	185500.0
2020-02-26	185500.0	181500.0	183500.0	184000.0	516378.0	184000.0
2020-02-27	185500.0	176500.0	184000.0	178500.0	785062.0	178500.0
2020-02-28	176500.0	170500.0	174500.0	172000.0	1022917.0	172000.0
2020-03-02	176500.0	169500.0	174500.0	175000.0	793495.0	175000.0
2020-03-03	181000.0	175000.0	180500.0	175000.0	629017.0	175000.0
2020-03-04	181000.0	174000.0	174000.0	179500.0	709188.0	179500.0
2020-03-05	183000.0	176500.0	182500.0	179500.0	821744.0	179500.0
2020-03-06	178500.0	174000.0	176500.0	175500.0	568424.0	175500.0
2020-03-09	175500.0	175500.0	175500.0	175500.0	0.0	175500.0
2020-03-10	174500.0	164000.0	164500.0	173000.0	950875.0	173000.0
2020-03-11	174500.0	167000.0	172000.0	169000.0	550227.0	169000.0
2020-03-12	169000.0	158500.0	167000.0	161000.0	1218070.0	161000.0
2020-03-13	161500.0	145000.0	150000.0	159000.0	1601985.0	159000.0
2020-03-16	164000.0	147500.0	162000.0	147500.0	1252484.0	147500.0
2020-03-17	150500.0	140000.0	141000.0	147500.0	1221046.0	147500.0
2020-03-18	152000.0	140500.0	148500.0	141000.0	1107527.0	141000.0
2020-03-19	147000.0	127500.0	145500.0	134000.0	2157141.0	134000.0
2020-03-20	151000.0	134500.0	138000.0	149500.0	1765756.0	149500.0
2020-03-23	148000.0	137500.0	138000.0	143500.0	1569378.0	143500.0
2020-03-24	155000.0	147000.0	150500.0	154500.0	1271387.0	154500.0
2020-03-25	162500.0	151000.0	160500.0	154500.0	1290376.0	154500.0
2020-03-26	156000.0	150000.0	155000.0	150500.0	893688.0	150500.0
2020-03-27	157000.0	149000.0	156500.0	152500.0	958988.0	152500.0
2020-03-30	154500.0	147500.0	149500.0	153000.0	668254.0	153000.0
2020-03-31	159000.0	152000.0	155000.0	155500.0	1042474.0	155500.0
2020-04-01	158500.0	150000.0	156000.0	150500.0	794295.0	150500.0
2020-04-02	157000.0	149000.0	152000.0	157000.0	1043790.0	157000.0
2020-04-03	159000.0	155000.0	158500.0	157500.0	545749.0	157500.0
2020-04-06	161000.0	157500.0	158500.0	160500.0	807805.0	160500.0
2020-04-07	164500.0	158500.0	163500.0	160000.0	920798.0	160000.0
2020-04-08	160500.0	158000.0	159000.0	158000.0	738303.0	158000.0
2020-04-09	161000.0	157500.0	161000.0	158000.0	726920.0	158000.0
2020-04-10	161500.0	157000.0	158500.0	161000.0	753323.0	161000.0
2020-04-13	161000.0	157000.0	161000.0	157500.0	470251.0	157500.0
2020-04-14	160500.0	158000.0	159500.0	159500.0	430759.0	159500.0
2020-04-16	167000.0	158500.0	159000.0	165500.0	1005533.0	165500.0
2020-04-17	172500.0	167500.0	169000.0	172000.0	947794.0	172000.0
2020-04-20	179000.0	172000.0	172500.0	175000.0	859303.0	175000.0
2020-04-21	177500.0	168500.0	176500.0	175500.0	1232126.0	175500.0
2020-04-22	177000.0	171500.0	174000.0	177000.0	686146.0	177000.0
2020-04-23	186500.0	180500.0	181500.0	185500.0	1509799.0	185500.0
2020-04-24	188500.0	182000.0	184500.0	183000.0	1073684.0	183000.0
2020-04-27	187000.0	181500.0	183000.0	184000.0	721963.0	184000.0
2020-04-28	186500.0	181500.0	185500.0	185000.0	668638.0	185000.0
2020-04-29	186500.0	182500.0	184000.0	184000.0	659512.0	184000.0
2020-05-04	190000.0	180000.0	181500.0	186500.0	1019409.0	186500.0
2020-05-06	200000.0	188000.0	189000.0	199500.0	2035947.0	199500.0
2020-05-07	207500.0	198500.0	199500.0	206000.0	2629709.0	206000.0
2020-05-08	210000.0	204000.0	206500.0	206000.0	1405404.0	206000.0
2020-05-11	211500.0	206500.0	207000.0	207500.0	1048413.0	207500.0
2020-05-12	216500.0	206000.0	209000.0	214500.0	1563095.0	214500.0
2020-05-13	216500.0	211500.0	211500.0	216500.0	1113608.0	216500.0
2020-05-14	228000.0	214000.0	216000.0	225000.0	1459813.0	225000.0
2020-05-15	231500.0	216000.0	228500.0	221500.0	1524083.0	221500.0
2020-05-18	225500.0	218500.0	221500.0	221000.0	744533.0	221000.0
2020-05-19	222500.0	214000.0	221500.0	220000.0	1308903.0	220000.0
2020-05-20	234500.0	222000.0	223500.0	231500.0	1773960.0	231500.0
2020-05-21	240000.0	234500.0	237500.0	237500.0	1408737.0	237500.0
2020-05-22	248500.0	235000.0	237500.0	247000.0	1887064.0	247000.0
2020-05-25	270000.0	249000.0	251000.0	268000.0	2653776.0	268000.0
2020-05-26	279500.0	261000.0	273500.0	270000.0	3274293.0	270000.0
2020-05-27	267000.0	257000.0	262000.0	260500.0	2015974.0	260500.0
2020-05-28	270000.0	252500.0	257500.0	267000.0	2495048.0	267000.0
2020-05-29	267500.0	257500.0	263500.0	263500.0	1645822.0	263500.0
2020-06-01	266000.0	259500.0	263500.0	264000.0	1083698.0	264000.0
2020-06-02	263000.0	257000.0	262500.0	259500.0	978846.0	259500.0
2020-06-03	261500.0	247500.0	259500.0	249500.0	2302391.0	249500.0
2020-06-04	257000.0	247000.0	247500.0	254000.0	1228950.0	254000.0
2020-06-05	253500.0	247500.0	253000.0	251000.0	1007264.0	251000.0
2020-06-08	258000.0	248500.0	252500.0	256500.0	1417078.0	256500.0
2020-06-09	259500.0	252500.0	255500.0	254500.0	834862.0	254500.0
2020-06-10	263500.0	256500.0	256500.0	262000.0	1575452.0	262000.0
2020-06-11	268000.0	261000.0	264000.0	265000.0	1724551.0	265000.0
2020-06-12	268000.0	256000.0	256500.0	266000.0	1688975.0	266000.0
2020-06-15	271000.0	250000.0	266000.0	252500.0	1549230.0	252500.0
2020-06-16	263000.0	258000.0	260500.0	263000.0	915456.0	263000.0
2020-06-17	268000.0	258000.0	261500.0	263000.0	1162204.0	263000.0
2020-06-18	267000.0	260500.0	264500.0	263500.0	981144.0	263500.0
2020-06-19	269500.0	262000.0	267500.0	263500.0	920126.0	263500.0
2020-06-22	276000.0	260500.0	263500.0	274000.0	2008656.0	274000.0
2020-06-23	289000.0	277000.0	279000.0	281500.0	2166267.0	281500.0
2020-06-24	284000.0	275000.0	281500.0	282500.0	1081233.0	282500.0
2020-06-25	282000.0	273500.0	278500.0	274500.0	900258.0	274500.0
2020-06-26	280000.0	268000.0	279500.0	274500.0	812726.0	274500.0
2020-06-29	273500.0	266000.0	269000.0	267500.0	778818.0	267500.0
2020-06-30	273000.0	267500.0	272000.0	267500.0	624089.0	267500.0
2020-07-01	275000.0	267500.0	271500.0	269500.0	578023.0	269500.0
2020-07-02	285500.0	273000.0	273500.0	285500.0	1378545.0	285500.0
2020-07-03	297000.0	284000.0	289500.0	294000.0	1604493.0	294000.0
2020-07-06	307500.0	297000.0	298000.0	300500.0	1344851.0	300500.0
2020-07-07	318000.0	304000.0	306500.0	310500.0	1552820.0	310500.0
2020-07-08	328000.0	305000.0	312000.0	328000.0	1869663.0	328000.0
2020-07-09	355500.0	332000.0	335000.0	355500.0	2463503.0	355500.0
2020-07-10	368000.0	345500.0	351000.0	355500.0	2566935.0	355500.0
2020-07-13	361000.0	345000.0	359000.0	352000.0	1391744.0	352000.0
2020-07-14	346500.0	340000.0	340500.0	343000.0	1212519.0	343000.0
2020-07-15	349500.0	332000.0	344000.0	337500.0	1487417.0	337500.0
2020-07-16	335500.0	319000.0	332000.0	322000.0	1941508.0	322000.0
2020-07-17	327000.0	314000.0	319000.0	325000.0	1268587.0	325000.0
2020-07-20	325000.0	310000.0	325000.0	310000.0	1534422.0	310000.0
2020-07-21	326000.0	311500.0	323500.0	316000.0	1676630.0	316000.0
2020-07-22	321500.0	306000.0	310500.0	318000.0	1159298.0	318000.0
2020-07-23	329500.0	315000.0	316500.0	329500.0	1260435.0	329500.0
2020-07-24	333000.0	322000.0	325000.0	324500.0	907643.0	324500.0
2020-07-27	329500.0	320500.0	321000.0	326500.0	603322.0	326500.0
2020-07-28	336000.0	328500.0	332000.0	329500.0	873063.0	329500.0
2020-07-29	333000.0	325000.0	329000.0	331500.0	618435.0	331500.0
2020-07-30	337000.0	331500.0	336000.0	332000.0	615872.0	332000.0
2020-07-31	344000.0	335500.0	336000.0	343500.0	1078837.0	343500.0
2020-08-03	366000.0	347000.0	347500.0	366000.0	1636803.0	366000.0
2020-08-04	384000.0	361000.0	378500.0	370000.0	1714642.0	370000.0
2020-08-05	371000.0	362500.0	366000.0	370500.0	1075879.0	370500.0
2020-08-06	372500.0	357500.0	358500.0	364000.0	1848898.0	364000.0
2020-08-07	370000.0	350500.0	368000.0	353000.0	1899111.0	353000.0
2020-08-10	358500.0	341500.0	346000.0	356000.0	1086391.0	356000.0
2020-08-11	357000.0	347500.0	351500.0	352500.0	750285.0	352500.0
2020-08-12	356500.0	347500.0	348500.0	354000.0	729434.0	354000.0
2020-08-13	365000.0	356500.0	359000.0	360500.0	1117859.0	360500.0
2020-08-14	366000.0	358000.0	361000.0	362500.0	825802.0	362500.0
2020-08-18	389500.0	367500.0	371500.0	378000.0	3032037.0	378000.0
2020-08-19	385000.0	372000.0	384500.0	376500.0	1359266.0	376500.0
2020-08-20	383000.0	359500.0	376000.0	364500.0	1686740.0	364500.0
2020-08-21	373500.0	362000.0	370000.0	370000.0	1021460.0	370000.0
2020-08-24	382500.0	367500.0	374500.0	380000.0	969648.0	380000.0
2020-08-25	385000.0	377000.0	384500.0	381000.0	887733.0	381000.0
2020-08-26	394000.0	378000.0	380500.0	392000.0	1351029.0	392000.0
2020-08-27	413000.0	396000.0	396500.0	410500.0	1981840.0	410500.0
2020-08-28	416000.0	400000.0	413500.0	405500.0	1506996.0	405500.0
2020-08-31	420500.0	401000.0	410500.0	407000.0	1629751.0	407000.0
2020-09-01	416000.0	400000.0	413500.0	401500.0	1100736.0	401500.0
2020-09-02	412500.0	401500.0	405500.0	412000.0	921655.0	412000.0
2020-09-03	416000.0	404000.0	415500.0	410000.0	739215.0	410000.0
2020-09-04	404500.0	389500.0	390000.0	402000.0	1168529.0	402000.0
2020-09-07	401500.0	391000.0	401500.0	392000.0	928939.0	392000.0
2020-09-08	398500.0	380500.0	393500.0	390000.0	1020539.0	390000.0
2020-09-09	388000.0	379000.0	381500.0	384000.0	935573.0	384000.0
2020-09-10	396500.0	384000.0	392000.0	385500.0	936708.0	385500.0
2020-09-11	384000.0	375500.0	382000.0	379000.0	792840.0	379000.0
2020-09-14	378000.0	369000.0	377000.0	373500.0	830231.0	373500.0
2020-09-15	385000.0	369000.0	371000.0	381000.0	860038.0	381000.0
2020-09-16	384500.0	377000.0	384000.0	377000.0	485743.0	377000.0
2020-09-17	374000.0	369000.0	373500.0	371000.0	617702.0	371000.0
2020-09-18	377000.0	366000.0	369000.0	373000.0	495271.0	373000.0
2020-09-21	374000.0	364000.0	371500.0	364500.0	530255.0	364500.0
2020-09-22	369000.0	351000.0	361000.0	353000.0	880318.0	353000.0
2020-09-23	367000.0	353000.0	358500.0	365500.0	930394.0	365500.0
2020-09-24	361500.0	351000.0	361000.0	352000.0	763638.0	352000.0
2020-09-25	358000.0	346500.0	356000.0	351500.0	449701.0	351500.0
2020-09-28	372000.0	354000.0	356500.0	369000.0	674705.0	369000.0
2020-09-29	375000.0	364000.0	374500.0	364500.0	612054.0	364500.0
2020-10-05	370500.0	358000.0	360500.0	370500.0	522228.0	370500.0
2020-10-06	383500.0	370000.0	373500.0	381500.0	765339.0	381500.0
2020-10-07	381500.0	376000.0	378000.0	380500.0	398285.0	380500.0
2020-10-08	387000.0	379000.0	383500.0	379000.0	624658.0	379000.0
2020-10-12	383000.0	371000.0	383000.0	371500.0	471624.0	371500.0
2020-10-13	377000.0	371500.0	374000.0	372000.0	302317.0	372000.0
2020-10-14	375000.0	366000.0	370000.0	368500.0	333008.0	368500.0
2020-10-15	368500.0	360000.0	368000.0	362000.0	422566.0	362000.0
2020-10-16	362000.0	355000.0	361000.0	357500.0	400405.0	357500.0
2020-10-19	362500.0	352000.0	358000.0	353000.0	362402.0	353000.0
2020-10-20	353000.0	340000.0	348000.0	352500.0	759973.0	352500.0
2020-10-21	361000.0	351000.0	351000.0	353500.0	516282.0	353500.0
2020-10-22	352000.0	345500.0	351500.0	349000.0	376380.0	349000.0
2020-10-23	350000.0	340000.0	348500.0	340000.0	622592.0	340000.0
2020-10-26	341000.0	328000.0	337000.0	329500.0	714722.0	329500.0
2020-10-27	343500.0	324500.0	324500.0	334000.0	812610.0	334000.0
2020-10-28	346500.0	335000.0	335500.0	346500.0	629567.0	346500.0
2020-10-29	345500.0	338500.0	342000.0	343000.0	491546.0	343000.0
2020-10-30	344000.0	330000.0	343000.0	330000.0	553748.0	330000.0
2020-11-02	335500.0	328000.0	330500.0	334500.0	319856.0	334500.0
2020-11-03	339000.0	332000.0	334500.0	336500.0	403786.0	336500.0
2020-11-04	361000.0	340000.0	340500.0	359500.0	1431026.0	359500.0
2020-11-05	368500.0	353000.0	359000.0	363000.0	1061367.0	363000.0
2020-11-06	380500.0	365500.0	367000.0	370500.0	1315572.0	370500.0
2020-11-09	376000.0	367500.0	375000.0	371500.0	593735.0	371500.0
2020-11-10	361500.0	354000.0	357500.0	356000.0	1105100.0	356000.0
2020-11-11	358500.0	347500.0	351500.0	355500.0	713843.0	355500.0
2020-11-12	364500.0	355000.0	360000.0	357500.0	555279.0	357500.0
2020-11-13	366000.0	355000.0	355000.0	365500.0	538206.0	365500.0
2020-11-16	371500.0	359500.0	371000.0	362000.0	557987.0	362000.0
2020-11-17	365000.0	356000.0	358000.0	362000.0	452275.0	362000.0
2020-11-18	368500.0	359500.0	360000.0	365500.0	484493.0	365500.0
2020-11-19	371500.0	365500.0	367500.0	365500.0	430120.0	365500.0
2020-11-20	368000.0	362000.0	366500.0	365500.0	267266.0	365500.0
2020-11-23	369000.0	365000.0	368500.0	367000.0	363196.0	367000.0
2020-11-24	377000.0	366500.0	366500.0	373000.0	649755.0	373000.0
2020-11-25	377500.0	366000.0	377500.0	367000.0	703279.0	367000.0
2020-11-26	374500.0	366500.0	367500.0	374000.0	539570.0	374000.0
2020-11-27	377500.0	371000.0	375500.0	373000.0	335836.0	373000.0
2020-11-30	374000.0	368000.0	373000.0	368000.0	544990.0	368000.0
2020-12-01	375000.0	369000.0	369500.0	374500.0	452723.0	374500.0
2020-12-02	375500.0	371000.0	375500.0	373000.0	440500.0	373000.0
2020-12-03	374000.0	369000.0	373000.0	374000.0	464371.0	374000.0
2020-12-04	392500.0	371000.0	374000.0	389500.0	1561745.0	389500.0
2020-12-07	395000.0	380500.0	395000.0	385000.0	894743.0	385000.0
2020-12-08	388000.0	374000.0	387500.0	374500.0	768600.0	374500.0
2020-12-09	378000.0	373000.0	375000.0	375000.0	579905.0	375000.0
2020-12-10	378000.0	367500.0	371000.0	370500.0	818557.0	370500.0
2020-12-11	380000.0	373000.0	374000.0	374500.0	438405.0	374500.0
2020-12-14	381000.0	372500.0	376500.0	373500.0	480288.0	373500.0
2020-12-15	375500.0	369000.0	373500.0	371000.0	393157.0	371000.0
2020-12-16	375000.0	371000.0	373500.0	372000.0	269253.0	372000.0
2020-12-17	374000.0	368500.0	374000.0	369000.0	455131.0	369000.0
2020-12-18	369500.0	365500.0	369000.0	367000.0	427433.0	367000.0
2020-12-21	380000.0	367000.0	367000.0	379500.0	819879.0	379500.0
2020-12-22	389500.0	375500.0	380000.0	376000.0	876516.0	376000.0
2020-12-23	385500.0	377000.0	381000.0	377500.0	629952.0	377500.0
2020-12-24	380000.0	372000.0	378500.0	374000.0	465132.0	374000.0
2020-12-28	377000.0	369500.0	374500.0	373000.0	646464.0	373000.0
2020-12-29	385500.0	378000.0	381000.0	384500.0	857404.0	384500.0
2020-12-30	394000.0	383500.0	384500.0	389500.0	813142.0	389500.0
2021-01-04	396500.0	385500.0	392000.0	396000.0	853740.0	396000.0
2021-01-05	395500.0	387000.0	393000.0	393000.0	748559.0	393000.0
2021-01-06	410000.0	394500.0	395000.0	395500.0	1435715.0	395500.0
2021-01-07	403500.0	393000.0	402000.0	402500.0	775191.0	402500.0
2021-01-08	436000.0	404500.0	413000.0	434000.0	2466715.0	434000.0
2021-01-11	463000.0	429000.0	441000.0	453000.0	3157747.0	453000.0
2021-01-12	460000.0	433000.0	446000.0	457500.0	1577872.0	457500.0
2021-01-13	462000.0	449500.0	458500.0	454500.0	806402.0	454500.0
2021-01-14	463000.0	450000.0	454000.0	451500.0	802076.0	451500.0
2021-01-15	459000.0	436500.0	452000.0	437500.0	995726.0	437500.0
2021-01-18	441500.0	427000.0	433500.0	427500.0	839984.0	427500.0
2021-01-19	444500.0	428000.0	428000.0	440000.0	583997.0	440000.0
2021-01-20	450000.0	437000.0	448000.0	444000.0	596340.0	444000.0
2021-01-21	461000.0	452000.0	452500.0	454000.0	679093.0	454000.0
2021-01-22	476000.0	452500.0	456000.0	463000.0	1162395.0	463000.0
2021-01-25	475500.0	460000.0	472000.0	473500.0	720170.0	473500.0
2021-01-26	479000.0	460500.0	479000.0	461000.0	812266.0	461000.0
2021-01-27	477000.0	461000.0	463000.0	465000.0	719814.0	465000.0
2021-01-28	468500.0	452000.0	454000.0	458000.0	921812.0	458000.0
2021-01-29	460500.0	436000.0	460000.0	441000.0	1070093.0	441000.0
2021-02-01	443000.0	425000.0	436000.0	441500.0	910101.0	441500.0
2021-02-02	457000.0	443500.0	450000.0	445500.0	662905.0	445500.0
2021-02-03	462000.0	447000.0	450500.0	462000.0	758097.0	462000.0
2021-02-04	463000.0	449000.0	463000.0	454500.0	516837.0	454500.0
2021-02-05	461000.0	447500.0	457000.0	455000.0	408416.0	455000.0
2021-02-08	462000.0	450000.0	455000.0	457000.0	516115.0	457000.0
2021-02-09	467500.0	452500.0	460000.0	461000.0	735565.0	461000.0
2021-02-10	490500.0	466000.0	466000.0	489500.0	1814483.0	489500.0
2021-02-15	504000.0	492000.0	499000.0	501000.0	820344.0	501000.0
